2 0.2609375 0.4515625 0.1109375 0.1078125
3 0.50234375 0.2671875 0.0203125 0.0875
2 0.540625 0.321875 0.0484375 0.1015625
2 0.62890625 0.6 0.1015625 0.16875
2 0.725 0.5453125 0.1140625 0.153125
2 0.9515625 0.834375 0.0921875 0.2078125
2 0.60234375 0.29453125 0.04375 0.0859375
2 0.59140625 0.1921875 0.0390625 0.0609375
2 0.63125 0.0953125 0.028125 0.040625
2 0.80390625 0.14296875 0.0625 0.053125
2 0.81015625 0.10078125 0.021875 0.0359375
3 0.8703125 0.225 0.0125 0.0609375
2 0.65234375 0.0359375 0.021875 0.03125
4 0.665625 0.08984375 0.04375 0.084375