3 0.7875 0.39296875 0.021875 0.0796875
2 0.2703125 0.7640625 0.165625 0.2484375
2 0.47109375 0.46171875 0.0625 0.1421875
2 0.36640625 0.375 0.065625 0.1453125
2 0.44375 0.25234375 0.0515625 0.084375
2 0.3703125 0.21484375 0.04375 0.065625
3 0.3484375 0.2875 0.0140625 0.075
3 0.32578125 0.2515625 0.0140625 0.0609375
3 0.52890625 0.2328125 0.0140625 0.0609375
3 0.5203125 0.234375 0.0125 0.05625
0 0.0484375 0.38671875 0.0484375 0.0875
4 0.07109375 0.6390625 0.1375 0.3375
2 0.38671875 0.1296875 0.0390625 0.0609375
2 0.3453125 0.1296875 0.0265625 0.0484375
2 0.3328125 0.0953125 0.03125 0.05625
2 0.31953125 0.05625 0.0234375 0.0484375
2 0.36640625 0.02890625 0.021875 0.0359375
2 0.3375 0.0296875 0.0203125 0.0328125
2 0.31875 0.0578125 0.021875 0.040625
2 0.1890625 0.1 0.0203125 0.034375