3 0.68125 0.8953125 0.0390625 0.128125
3 0.525 0.94609375 0.1078125 0.10625
2 0.3453125 0.7359375 0.1265625 0.2234375
2 0.31484375 0.48828125 0.0859375 0.134375
2 0.4421875 0.4234375 0.065625 0.1203125
0 0.2515625 0.38203125 0.0484375 0.0828125
0 0.3171875 0.30078125 0.04375 0.075
2 0.3921875 0.26796875 0.04375 0.084375
2 0.44453125 0.2390625 0.0484375 0.0765625
2 0.3921875 0.14765625 0.0328125 0.05625
2 0.36328125 0.19140625 0.034375 0.0609375
2 0.34375 0.12890625 0.0265625 0.0484375
2 0.3765625 0.0984375 0.0265625 0.0390625
2 0.3546875 0.06484375 0.021875 0.040625
2 0.32421875 0.06640625 0.0296875 0.0453125
3 0.53828125 0.203125 0.0125 0.05625
3 0.4703125 0.1109375 0.0078125 0.0515625
2 0.18984375 0.0984375 0.021875 0.0390625
3 0.1140625 0.25390625 0.009375 0.0609375
2 0.3421875 0.03984375 0.0203125 0.0296875
3 0.03125 0.29921875 0.0125 0.0546875