3 0.55859375 0.828125 0.05625 0.196875
3 0.40625 0.33203125 0.0140625 0.0765625
2 0.67890625 0.76953125 0.1421875 0.2359375
2 0.7078125 0.5828125 0.146875 0.1921875
2 0.62109375 0.37265625 0.05625 0.1078125
4 0.52890625 0.30625 0.05625 0.1640625
2 0.525 0.1671875 0.0484375 0.071875
2 0.6265625 0.240625 0.040625 0.0796875
2 0.6390625 0.17890625 0.028125 0.0625
2 0.65859375 0.13359375 0.034375 0.05625
2 0.6421875 0.103125 0.0265625 0.0453125
2 0.640625 0.05625 0.0203125 0.040625
2 0.678125 0.08046875 0.021875 0.04375
3 0.60078125 0.03515625 0.0078125 0.034375
2 0.6421875 0.01953125 0.0203125 0.03125
2 0.6859375 0.0421875 0.0203125 0.0296875
2 0.8109375 0.10234375 0.025 0.04375
3 0.98203125 0.2953125 0.0125 0.0671875