3 0.63671875 0.421875 0.021875 0.09375
2 0.75703125 0.5640625 0.1296875 0.15
3 0.384375 0.74375 0.040625 0.1390625
2 0.525 0.5046875 0.0703125 0.1421875
2 0.525 0.38359375 0.053125 0.1109375
2 0.49296875 0.2796875 0.0515625 0.0796875
2 0.6078125 0.259375 0.04375 0.0828125
2 0.57109375 0.2234375 0.0390625 0.0671875
4 0.63671875 0.18125 0.04375 0.075
2 0.6 0.1609375 0.028125 0.0625
3 0.5875 0.146875 0.0078125 0.0328125
2 0.5875 0.10703125 0.028125 0.04375
2 0.665625 0.10546875 0.03125 0.0625
2 0.634375 0.0828125 0.0265625 0.04375
2 0.64765625 0.0609375 0.021875 0.034375
2 0.67890625 0.06484375 0.0265625 0.0484375
2 0.6546875 0.03828125 0.025 0.040625
2 0.8125 0.1 0.025 0.034375
3 0.478125 0.17890625 0.0125 0.04375