3 0.86171875 0.9078125 0.025 0.1328125
3 0.41328125 0.38671875 0.021875 0.0984375
3 0.3421875 0.4078125 0.03125 0.1015625
3 0.23671875 0.3015625 0.0140625 0.0765625
2 0.18984375 0.1046875 0.025 0.040625
2 0.49296875 0.2703125 0.053125 0.0875
2 0.38125 0.240625 0.04375 0.084375
2 0.43046875 0.2125 0.0359375 0.0671875
2 0.4515625 0.1734375 0.0359375 0.0625
2 0.40390625 0.16484375 0.03125 0.0484375
2 0.353125 0.165625 0.03125 0.0625
2 0.4171875 0.11640625 0.0296875 0.0515625
2 0.38125 0.134375 0.0234375 0.053125
2 0.33984375 0.12265625 0.0296875 0.0390625
2 0.3703125 0.0984375 0.0265625 0.0359375
2 0.38828125 0.05859375 0.0296875 0.0484375
2 0.36328125 0.06484375 0.021875 0.03125
2 0.33203125 0.0953125 0.0203125 0.025
4 0.3234375 0.06640625 0.0359375 0.05625