2 0.23671875 0.6578125 0.1296875 0.190625
2 0.41484375 0.7234375 0.1625 0.2796875
3 0.55390625 0.5515625 0.0265625 0.1234375
3 0.48828125 0.57578125 0.0296875 0.128125
2 0.43984375 0.46015625 0.0703125 0.1421875
3 0.484375 0.39453125 0.021875 0.103125
2 0.4171875 0.334375 0.0609375 0.125
2 0.4421875 0.24765625 0.0515625 0.09375
2 0.38125 0.24609375 0.040625 0.0796875
2 0.3546875 0.16328125 0.03125 0.0625
2 0.4015625 0.15625 0.0359375 0.053125
2 0.18984375 0.103125 0.0265625 0.040625
3 0.1296875 0.203125 0.0171875 0.053125
1 0.959375 0.8640625 0.0796875 0.271875
3 0.46171875 0.11328125 0.0125 0.0453125
4 0.32421875 0.06953125 0.034375 0.0625
4 0.3890625 0.06640625 0.0296875 0.0515625
3 0.43515625 0.07421875 0.0078125 0.0484375
3 0.30078125 0.10703125 0.0078125 0.0390625