2 0.88125 0.6765625 0.1640625 0.2421875
3 0.9703125 0.41796875 0.0203125 0.1015625
3 0.696875 0.19921875 0.0140625 0.053125
2 0.56953125 0.4703125 0.0703125 0.125
2 0.475 0.43359375 0.0578125 0.1328125
4 0.6390625 0.3375 0.084375 0.1890625
3 0.446875 0.33515625 0.025 0.0859375
3 0.2984375 0.3140625 0.0171875 0.0625
2 0.5921875 0.19921875 0.04375 0.0796875
2 0.54453125 0.165625 0.0390625 0.075
2 0.57421875 0.134375 0.0296875 0.0484375
2 0.6109375 0.14453125 0.034375 0.075
2 0.64765625 0.15859375 0.028125 0.053125
2 0.6625 0.10078125 0.03125 0.0578125
2 0.62890625 0.09140625 0.0203125 0.03125
2 0.65 0.040625 0.0359375 0.0453125
3 0.59765625 0.0609375 0.0078125 0.04375
2 0.81015625 0.0984375 0.021875 0.0359375
3 0.81953125 0.1734375 0.0140625 0.0671875