2 0.29453125 0.775 0.1609375 0.2859375
2 0.259375 0.51953125 0.0984375 0.1421875
2 0.1875 0.10078125 0.0265625 0.0359375
2 0.38125 0.3703125 0.0609375 0.103125
2 0.4703125 0.396875 0.0609375 0.115625
2 0.446875 0.2671875 0.0515625 0.0875
2 0.3796875 0.2546875 0.04375 0.0796875
2 0.41953125 0.2078125 0.04375 0.0609375
2 0.44375 0.1671875 0.04375 0.0625
2 0.35546875 0.165625 0.040625 0.0703125
2 0.38125 0.11640625 0.03125 0.0609375
2 0.4171875 0.109375 0.0265625 0.0453125
2 0.3296875 0.0984375 0.0328125 0.0515625
2 0.35703125 0.0625 0.0234375 0.0390625
2 0.33984375 0.0328125 0.021875 0.03125
2 0.3109375 0.0421875 0.0203125 0.0328125
3 0.01171875 0.32421875 0.0125 0.071875