3 0.165625 0.8390625 0.0390625 0.121875
3 0.5171875 0.5625 0.0703125 0.1015625
3 0.5171875 0.521875 0.0703125 0.096875
3 0.6734375 0.47109375 0.065625 0.096875
3 0.76796875 0.49140625 0.0703125 0.0765625
3 0.77890625 0.44375 0.0671875 0.084375
3 0.56875 0.31875 0.0203125 0.0703125
2 0.63359375 0.2078125 0.04375 0.0765625
2 0.571875 0.21015625 0.040625 0.0703125
2 0.52734375 0.1671875 0.0484375 0.075
3 0.48671875 0.1609375 0.0140625 0.0609375
2 0.5765625 0.12890625 0.034375 0.053125
2 0.62109375 0.12265625 0.034375 0.05625
3 0.64453125 0.09609375 0.0125 0.0453125
2 0.65 0.1734375 0.034375 0.0609375
2 0.6609375 0.13671875 0.0265625 0.0453125
2 0.60546875 0.08046875 0.03125 0.0453125
2 0.67421875 0.08203125 0.025 0.0390625
2 0.68359375 0.053125 0.021875 0.0359375
2 0.66484375 0.0265625 0.021875 0.040625
0 0.74609375 0.10703125 0.0125 0.0453125
2 0.81015625 0.1046875 0.021875 0.0359375
3 0.9828125 0.2921875 0.0203125 0.0703125