2 0.375 0.803125 0.1296875 0.23125
2 0.33515625 0.5609375 0.10625 0.1640625
2 0.03046875 0.7671875 0.0609375 0.159375
2 0.509375 0.365625 0.0515625 0.1296875
2 0.41953125 0.196875 0.0390625 0.0671875
2 0.36796875 0.19375 0.034375 0.0703125
2 0.390625 0.13671875 0.0296875 0.0515625
2 0.35 0.13671875 0.0328125 0.0578125
2 0.33671875 0.103125 0.0296875 0.0484375
2 0.36640625 0.07109375 0.03125 0.040625
2 0.38359375 0.0578125 0.0203125 0.0359375
2 0.31875 0.06015625 0.0234375 0.0390625
2 0.34140625 0.0328125 0.0171875 0.0296875
2 0.365625 0.02265625 0.0203125 0.0265625
2 0.18984375 0.10078125 0.0203125 0.0359375
3 0.18984375 0.1078125 0.0046875 0.0203125
3 0.259375 0.0796875 0.0125 0.034375