4 0.90390625 0.9234375 0.1921875 0.146875
2 0.70703125 0.72578125 0.1328125 0.221875
2 0.5296875 0.59140625 0.103125 0.1640625
2 0.53359375 0.4671875 0.0703125 0.134375
2 0.67578125 0.46640625 0.1078125 0.1828125
2 0.615625 0.36328125 0.0515625 0.115625
4 0.53515625 0.29921875 0.05625 0.1640625
2 0.490625 0.271875 0.0390625 0.0765625
2 0.6140625 0.2640625 0.040625 0.0765625
2 0.63125 0.19921875 0.034375 0.065625
2 0.53515625 0.1875 0.0390625 0.0484375
2 0.59609375 0.16328125 0.034375 0.0671875
3 0.634375 0.15 0.009375 0.04375
2 0.65625 0.1359375 0.0296875 0.0515625
2 0.61328125 0.13125 0.0265625 0.05625
2 0.615625 0.0640625 0.0265625 0.05625
2 0.67578125 0.0796875 0.025 0.040625
2 0.64921875 0.05078125 0.0234375 0.0390625
2 0.66328125 0.015625 0.0171875 0.0296875
3 0.78828125 0.1078125 0.0203125 0.040625
3 0.859375 0.1875 0.009375 0.0484375
3 0.86875 0.1921875 0.0125 0.0484375