2 0.24609375 0.5578125 0.11875 0.159375
2 0.18984375 0.10078125 0.0203125 0.0359375
2 0.49765625 0.521875 0.0671875 0.1421875
2 0.4640625 0.3890625 0.05625 0.1375
2 0.3921875 0.3328125 0.04375 0.0984375
3 0.4328125 0.27890625 0.0171875 0.0609375
2 0.3890625 0.1828125 0.034375 0.0703125
2 0.4546875 0.19609375 0.034375 0.0609375
2 0.3453125 0.125 0.0296875 0.0609375
2 0.3734375 0.08984375 0.0234375 0.0484375
3 0.3453125 0.04453125 0.0078125 0.03125
2 0.31953125 0.0609375 0.021875 0.0390625
2 0.32421875 0.0328125 0.0203125 0.03125