2 0.1703125 0.70703125 0.1640625 0.2328125
2 0.4015625 0.553125 0.0984375 0.15
3 0.209375 0.53984375 0.0484375 0.115625
3 0.40625 0.4359375 0.025 0.0828125
3 0.33671875 0.290625 0.0140625 0.071875
2 0.47578125 0.3703125 0.053125 0.115625
2 0.38828125 0.34140625 0.0484375 0.0953125
2 0.38125 0.2359375 0.040625 0.0578125
3 0.56640625 0.2703125 0.0171875 0.075
3 0.9171875 0.421875 0.021875 0.0890625
2 0.40390625 0.165625 0.0390625 0.05625
2 0.46484375 0.209375 0.0390625 0.0703125
2 0.34765625 0.1265625 0.0296875 0.053125
2 0.34609375 0.0890625 0.021875 0.0296875
2 0.35 0.04921875 0.0234375 0.034375
2 0.31875 0.06015625 0.0234375 0.04375
2 0.1921875 0.10234375 0.021875 0.0359375
3 0.18359375 0.1109375 0.0125 0.040625
2 0.359375 0.0265625 0.0203125 0.03125