2 0.9421875 0.7453125 0.1109375 0.2078125
4 0.63359375 0.56484375 0.2328125 0.521875
3 0.1765625 0.35 0.0171875 0.084375
2 0.4984375 0.3734375 0.0453125 0.125
4 0.56875 0.2171875 0.0453125 0.11875
2 0.640625 0.19140625 0.0359375 0.065625
2 0.53359375 0.21171875 0.03125 0.0609375
2 0.5640625 0.14296875 0.034375 0.0390625
2 0.59765625 0.178125 0.03125 0.0796875
2 0.6546875 0.134375 0.028125 0.0578125
2 0.63359375 0.08984375 0.03125 0.0484375
2 0.6734375 0.09375 0.025 0.040625
2 0.64453125 0.05390625 0.0296875 0.0359375
2 0.68046875 0.0671875 0.021875 0.0359375
2 0.80859375 0.1078125 0.025 0.0484375
3 0.87265625 0.21640625 0.0125 0.05625