3 0.44453125 0.86796875 0.0484375 0.165625
3 0.171875 0.90703125 0.053125 0.1859375
3 0.1984375 0.69375 0.065625 0.15
3 0.2296875 0.54453125 0.0453125 0.125
3 0.3703125 0.41953125 0.0265625 0.1109375
3 0.36875 0.353125 0.0234375 0.0859375
2 0.459375 0.321875 0.0484375 0.0828125
2 0.50703125 0.27421875 0.0453125 0.1015625
2 0.390625 0.271875 0.0453125 0.0828125
2 0.42890625 0.228125 0.04375 0.0875
2 0.35234375 0.1671875 0.0390625 0.0625
2 0.4 0.16953125 0.0328125 0.053125
2 0.4390625 0.1578125 0.0296875 0.053125
3 0.50859375 0.1671875 0.0234375 0.0609375
2 0.3796875 0.11796875 0.0296875 0.0484375
2 0.415625 0.10703125 0.0296875 0.0484375
2 0.3390625 0.1265625 0.021875 0.040625
3 0.21875 0.1140625 0.0125 0.0515625
3 0.0921875 0.25859375 0.0125 0.065625
2 0.1890625 0.10234375 0.025 0.0484375
2 0.39765625 0.08046875 0.021875 0.0390625
2 0.3640625 0.08984375 0.0234375 0.040625
2 0.328125 0.0875 0.0296875 0.0453125
4 0.35078125 0.03125 0.0296875 0.05625
2 0.384375 0.06015625 0.021875 0.0359375
2 0.375 0.04296875 0.025 0.034375
2 0.3171875 0.04921875 0.0203125 0.0296875
2 0.2484375 0.01796875 0.0203125 0.03125