2 0.74609375 0.93359375 0.15 0.1328125
2 0.915625 0.7640625 0.1515625 0.2015625
2 0.53515625 0.4734375 0.065625 0.1765625
2 0.39296875 0.3859375 0.0984375 0.0890625
3 0.13359375 0.58515625 0.0203125 0.084375
3 0.546875 0.3140625 0.0203125 0.084375
2 0.6078125 0.3484375 0.0515625 0.103125
2 0.62109375 0.22109375 0.04375 0.0796875
2 0.63125 0.1453125 0.034375 0.065625
2 0.671875 0.084375 0.025 0.04375
2 0.8109375 0.103125 0.025 0.040625
3 0.4359375 0.25 0.0125 0.0609375
3 0.70078125 0.165625 0.0125 0.053125
3 0.6875 0.15234375 0.009375 0.0484375