3 0.1703125 0.6703125 0.1375 0.184375
3 0.37734375 0.53515625 0.0390625 0.1203125
2 0.52890625 0.4828125 0.0625 0.134375
2 0.8609375 0.45546875 0.1078125 0.09375
3 0.7984375 0.390625 0.021875 0.0765625
2 0.5515625 0.3390625 0.0703125 0.0984375
2 0.38125 0.375 0.0625 0.115625
4 0.43515625 0.21484375 0.0890625 0.1515625
2 0.35703125 0.18984375 0.0390625 0.0796875
2 0.33671875 0.12734375 0.0359375 0.0515625
2 0.3796875 0.12734375 0.0296875 0.053125
2 0.39765625 0.10703125 0.025 0.0515625
2 0.36328125 0.0796875 0.025 0.040625
2 0.38828125 0.05859375 0.0171875 0.0453125
2 0.31875 0.05625 0.0234375 0.0453125
2 0.353125 0.0515625 0.021875 0.0359375
2 0.36796875 0.0328125 0.0203125 0.034375
2 0.18984375 0.1046875 0.021875 0.04375
2 0.3390625 0.03515625 0.0203125 0.0359375
3 0.32421875 0.240625 0.0078125 0.0609375