3 0.45703125 0.44453125 0.025 0.1109375
2 0.3109375 0.49765625 0.0921875 0.1421875
2 0.3015625 0.85703125 0.1640625 0.2859375
2 0.0359375 0.8265625 0.0671875 0.1546875
3 0.23046875 0.171875 0.0140625 0.0609375
3 0.5109375 0.2015625 0.0125 0.0578125
2 0.459375 0.3265625 0.0515625 0.0890625
2 0.390625 0.30390625 0.0515625 0.1015625
2 0.36328125 0.18984375 0.0359375 0.0703125
2 0.40234375 0.16796875 0.034375 0.0609375
3 0.32421875 0.24296875 0.0125 0.05625
2 0.34140625 0.12734375 0.0296875 0.0515625
2 0.35546875 0.05390625 0.025 0.0359375
2 0.3234375 0.0640625 0.0265625 0.0484375
2 0.34765625 0.0109375 0.0203125 0.0203125
3 0.390625 0.01796875 0.0078125 0.0359375
2 0.334375 0.01796875 0.0171875 0.0265625
2 0.18984375 0.10234375 0.025 0.0390625